3
24.000000 12.800000 19.200001
24.000000 12.800000 30.400000
24.000000 25.600000 19.200001
8
24.000000 12.800000 1.600000
24.000000 12.800000 19.200001
24.000000 25.600000 1.600000
24.000000 25.600000 19.200001
25.600000 12.800000 1.600000
25.600000 12.800000 19.200001
25.600000 25.600000 1.600000
25.600000 25.600000 19.200001
8
24.000000 0.000000 19.200001
24.000000 -0.000000 30.400000
24.000000 12.800000 19.200001
24.000000 12.800000 30.400000
25.600000 -0.000000 19.200001
25.600000 -0.000000 30.400000
25.600000 12.800000 19.200001
25.600000 12.800000 30.400000